					-------- 팀1팀과 팀2팀의 테니스 시합 정보--------
00		15	
00		30	
00		40	
┄┄┄┄┄┄┄┄┄┄┄┄┄┄┄
00		15	
15		15	
15		30	
15		40	
┄┄┄┄┄┄┄┄┄┄┄┄┄┄┄
15		00	
15		15	
15		30	
15		40	
┄┄┄┄┄┄┄┄┄┄┄┄┄┄┄
00		15	
00		30	
15		30	
30		30	
30		40	
40		40	
50		40	
50		50	
50		60	
50		70	
┄┄┄┄┄┄┄┄┄┄┄┄┄┄┄
00		15	
00		30	
15		30	
30		30	
40		30	
50		30	
┄┄┄┄┄┄┄┄┄┄┄┄┄┄┄
00		15	
15		15	
30		15	
30		30	
30		40	
30		50	
┄┄┄┄┄┄┄┄┄┄┄┄┄┄┄
15		00	
15		15	
30		15	
40		15	
┄┄┄┄┄┄┄┄┄┄┄┄┄┄┄
00		15	
00		30	
15		30	
30		30	
30		40	
30		50	
┄┄┄┄┄┄┄┄┄┄┄┄┄┄┄
↑↑↑↑↑↑↑ 1 세트 정보 ↑↑↑↑↑↑↑
 이번 세트 승리팀은 팀2 입니다.
00		15	
15		15	
30		15	
30		30	
40		30	
50		30	
┄┄┄┄┄┄┄┄┄┄┄┄┄┄┄
15		00	
15		15	
30		15	
30		30	
30		40	
30		50	
┄┄┄┄┄┄┄┄┄┄┄┄┄┄┄
00		15	
15		15	
15		30	
15		40	
┄┄┄┄┄┄┄┄┄┄┄┄┄┄┄
00		15	
00		30	
00		40	
┄┄┄┄┄┄┄┄┄┄┄┄┄┄┄
15		00	
15		15	
15		30	
30		30	
40		30	
50		30	
┄┄┄┄┄┄┄┄┄┄┄┄┄┄┄
00		15	
15		15	
30		15	
30		30	
30		40	
40		40	
40		50	
40		60	
┄┄┄┄┄┄┄┄┄┄┄┄┄┄┄
15		00	
15		15	
15		30	
30		30	
40		30	
40		40	
50		40	
50		50	
50		60	
50		70	
┄┄┄┄┄┄┄┄┄┄┄┄┄┄┄
15		00	
30		00	
30		15	
30		30	
40		30	
50		30	
┄┄┄┄┄┄┄┄┄┄┄┄┄┄┄
15		00	
30		00	
40		00	
┄┄┄┄┄┄┄┄┄┄┄┄┄┄┄
15		00	
30		00	
40		00	
┄┄┄┄┄┄┄┄┄┄┄┄┄┄┄
15		00	
15		15	
30		15	
40		15	
┄┄┄┄┄┄┄┄┄┄┄┄┄┄┄
↑↑↑↑↑↑↑ 2 세트 정보 ↑↑↑↑↑↑↑
 이번 세트 승리팀은 팀1 입니다.
00		15	
15		15	
15		30	
15		40	
┄┄┄┄┄┄┄┄┄┄┄┄┄┄┄
15		00	
30		00	
30		15	
30		30	
30		40	
30		50	
┄┄┄┄┄┄┄┄┄┄┄┄┄┄┄
15		00	
30		00	
40		00	
┄┄┄┄┄┄┄┄┄┄┄┄┄┄┄
15		00	
15		15	
15		30	
15		40	
┄┄┄┄┄┄┄┄┄┄┄┄┄┄┄
15		00	
30		00	
30		15	
30		30	
30		40	
40		40	
40		50	
40		60	
┄┄┄┄┄┄┄┄┄┄┄┄┄┄┄
00		15	
00		30	
15		30	
15		40	
┄┄┄┄┄┄┄┄┄┄┄┄┄┄┄
00		15	
00		30	
00		40	
┄┄┄┄┄┄┄┄┄┄┄┄┄┄┄
↑↑↑↑↑↑↑ 3 세트 정보 ↑↑↑↑↑↑↑
 이번 세트 승리팀은 팀2 입니다.
00		15	
00		30	
15		30	
15		40	
┄┄┄┄┄┄┄┄┄┄┄┄┄┄┄
15		00	
15		15	
15		30	
30		30	
40		30	
40		40	
50		40	
50		50	
50		60	
60		60	
70		60	
80		60	
┄┄┄┄┄┄┄┄┄┄┄┄┄┄┄
00		15	
15		15	
30		15	
40		15	
┄┄┄┄┄┄┄┄┄┄┄┄┄┄┄
15		00	
15		15	
30		15	
40		15	
┄┄┄┄┄┄┄┄┄┄┄┄┄┄┄
15		00	
30		00	
40		00	
┄┄┄┄┄┄┄┄┄┄┄┄┄┄┄
00		15	
00		30	
00		40	
┄┄┄┄┄┄┄┄┄┄┄┄┄┄┄
00		15	
15		15	
30		15	
30		30	
40		30	
50		30	
┄┄┄┄┄┄┄┄┄┄┄┄┄┄┄
15		00	
30		00	
30		15	
30		30	
40		30	
40		40	
40		50	
50		50	
60		50	
60		60	
70		60	
80		60	
┄┄┄┄┄┄┄┄┄┄┄┄┄┄┄
↑↑↑↑↑↑↑ 4 세트 정보 ↑↑↑↑↑↑↑
 이번 세트 승리팀은 팀1 입니다.
15		00	
15		15	
15		30	
15		40	
┄┄┄┄┄┄┄┄┄┄┄┄┄┄┄
00		15	
15		15	
15		30	
30		30	
30		40	
30		50	
┄┄┄┄┄┄┄┄┄┄┄┄┄┄┄
00		15	
00		30	
00		40	
┄┄┄┄┄┄┄┄┄┄┄┄┄┄┄
15		00	
30		00	
30		15	
30		30	
30		40	
30		50	
┄┄┄┄┄┄┄┄┄┄┄┄┄┄┄
15		00	
30		00	
40		00	
┄┄┄┄┄┄┄┄┄┄┄┄┄┄┄
15		00	
15		15	
15		30	
15		40	
┄┄┄┄┄┄┄┄┄┄┄┄┄┄┄
15		00	
15		15	
30		15	
30		30	
30		40	
40		40	
40		50	
50		50	
50		60	
50		70	
┄┄┄┄┄┄┄┄┄┄┄┄┄┄┄
↑↑↑↑↑↑↑ 5 세트 정보 ↑↑↑↑↑↑↑
 이번 세트 승리팀은 팀2 입니다.
최종 경기 결과 승리팀은 팀2팀입니다.
					-------- 팀1팀과 팀2팀의 테니스 시합 정보--------
00		15	
15		15	
30		15	
30		30	
30		40	
30		50	
┄┄┄┄┄┄┄┄┄┄┄┄┄┄┄
15		00	
30		00	
40		00	
┄┄┄┄┄┄┄┄┄┄┄┄┄┄┄
15		00	
30		00	
30		15	
40		15	
┄┄┄┄┄┄┄┄┄┄┄┄┄┄┄
00		15	
15		15	
30		15	
30		30	
30		40	
30		50	
┄┄┄┄┄┄┄┄┄┄┄┄┄┄┄
15		00	
15		15	
15		30	
15		40	
┄┄┄┄┄┄┄┄┄┄┄┄┄┄┄
00		15	
15		15	
15		30	
30		30	
40		30	
40		40	
40		50	
40		60	
┄┄┄┄┄┄┄┄┄┄┄┄┄┄┄
15		00	
15		15	
30		15	
40		15	
┄┄┄┄┄┄┄┄┄┄┄┄┄┄┄
15		00	
30		00	
30		15	
30		30	
30		40	
30		50	
┄┄┄┄┄┄┄┄┄┄┄┄┄┄┄
00		15	
15		15	
15		30	
30		30	
30		40	
30		50	
┄┄┄┄┄┄┄┄┄┄┄┄┄┄┄
↑↑↑↑↑↑↑ 1 세트 정보 ↑↑↑↑↑↑↑
 이번 세트 승리팀은 팀2 입니다.
00		15	
00		30	
15		30	
15		40	
┄┄┄┄┄┄┄┄┄┄┄┄┄┄┄
00		15	
15		15	
15		30	
30		30	
40		30	
50		30	
┄┄┄┄┄┄┄┄┄┄┄┄┄┄┄
00		15	
00		30	
15		30	
15		40	
┄┄┄┄┄┄┄┄┄┄┄┄┄┄┄
15		00	
15		15	
15		30	
30		30	
30		40	
30		50	
┄┄┄┄┄┄┄┄┄┄┄┄┄┄┄
15		00	
15		15	
30		15	
40		15	
┄┄┄┄┄┄┄┄┄┄┄┄┄┄┄
15		00	
15		15	
15		30	
15		40	
┄┄┄┄┄┄┄┄┄┄┄┄┄┄┄
15		00	
30		00	
30		15	
40		15	
┄┄┄┄┄┄┄┄┄┄┄┄┄┄┄
15		00	
15		15	
30		15	
40		15	
┄┄┄┄┄┄┄┄┄┄┄┄┄┄┄
15		00	
15		15	
15		30	
15		40	
┄┄┄┄┄┄┄┄┄┄┄┄┄┄┄
15		00	
30		00	
40		00	
┄┄┄┄┄┄┄┄┄┄┄┄┄┄┄
15		00	
30		00	
40		00	
┄┄┄┄┄┄┄┄┄┄┄┄┄┄┄
↑↑↑↑↑↑↑ 2 세트 정보 ↑↑↑↑↑↑↑
 이번 세트 승리팀은 팀1 입니다.
00		15	
00		30	
00		40	
┄┄┄┄┄┄┄┄┄┄┄┄┄┄┄
15		00	
15		15	
30		15	
40		15	
┄┄┄┄┄┄┄┄┄┄┄┄┄┄┄
00		15	
00		30	
00		40	
┄┄┄┄┄┄┄┄┄┄┄┄┄┄┄
00		15	
15		15	
15		30	
30		30	
40		30	
40		40	
40		50	
50		50	
60		50	
70		50	
┄┄┄┄┄┄┄┄┄┄┄┄┄┄┄
00		15	
00		30	
00		40	
┄┄┄┄┄┄┄┄┄┄┄┄┄┄┄
00		15	
00		30	
15		30	
15		40	
┄┄┄┄┄┄┄┄┄┄┄┄┄┄┄
15		00	
30		00	
30		15	
30		30	
40		30	
50		30	
┄┄┄┄┄┄┄┄┄┄┄┄┄┄┄
00		15	
00		30	
15		30	
30		30	
40		30	
50		30	
┄┄┄┄┄┄┄┄┄┄┄┄┄┄┄
00		15	
15		15	
30		15	
40		15	
┄┄┄┄┄┄┄┄┄┄┄┄┄┄┄
00		15	
15		15	
15		30	
30		30	
30		40	
30		50	
┄┄┄┄┄┄┄┄┄┄┄┄┄┄┄
00		15	
00		30	
00		40	
┄┄┄┄┄┄┄┄┄┄┄┄┄┄┄
↑↑↑↑↑↑↑ 3 세트 정보 ↑↑↑↑↑↑↑
 이번 세트 승리팀은 팀2 입니다.
15		00	
15		15	
30		15	
30		30	
30		40	
30		50	
┄┄┄┄┄┄┄┄┄┄┄┄┄┄┄
15		00	
30		00	
40		00	
┄┄┄┄┄┄┄┄┄┄┄┄┄┄┄
15		00	
15		15	
15		30	
30		30	
40		30	
40		40	
50		40	
60		40	
┄┄┄┄┄┄┄┄┄┄┄┄┄┄┄
15		00	
30		00	
30		15	
30		30	
30		40	
40		40	
50		40	
60		40	
┄┄┄┄┄┄┄┄┄┄┄┄┄┄┄
00		15	
00		30	
00		40	
┄┄┄┄┄┄┄┄┄┄┄┄┄┄┄
15		00	
30		00	
40		00	
┄┄┄┄┄┄┄┄┄┄┄┄┄┄┄
15		00	
30		00	
30		15	
40		15	
┄┄┄┄┄┄┄┄┄┄┄┄┄┄┄
00		15	
15		15	
30		15	
40		15	
┄┄┄┄┄┄┄┄┄┄┄┄┄┄┄
↑↑↑↑↑↑↑ 4 세트 정보 ↑↑↑↑↑↑↑
 이번 세트 승리팀은 팀1 입니다.
15		00	
30		00	
40		00	
┄┄┄┄┄┄┄┄┄┄┄┄┄┄┄
00		15	
15		15	
30		15	
40		15	
┄┄┄┄┄┄┄┄┄┄┄┄┄┄┄
15		00	
15		15	
15		30	
15		40	
┄┄┄┄┄┄┄┄┄┄┄┄┄┄┄
15		00	
30		00	
40		00	
┄┄┄┄┄┄┄┄┄┄┄┄┄┄┄
00		15	
15		15	
15		30	
30		30	
30		40	
40		40	
50		40	
60		40	
┄┄┄┄┄┄┄┄┄┄┄┄┄┄┄
15		00	
15		15	
15		30	
30		30	
40		30	
40		40	
40		50	
50		50	
60		50	
60		60	
70		60	
80		60	
┄┄┄┄┄┄┄┄┄┄┄┄┄┄┄
15		00	
15		15	
30		15	
30		30	
30		40	
40		40	
50		40	
50		50	
60		50	
60		60	
60		70	
60		80	
┄┄┄┄┄┄┄┄┄┄┄┄┄┄┄
15		00	
30		00	
40		00	
┄┄┄┄┄┄┄┄┄┄┄┄┄┄┄
↑↑↑↑↑↑↑ 5 세트 정보 ↑↑↑↑↑↑↑
 이번 세트 승리팀은 팀1 입니다.
최종 경기 결과 승리팀은 팀1팀입니다.
					-------- 팀1팀과 팀2팀의 테니스 시합 정보--------
00		15	
00		30	
00		40	
┄┄┄┄┄┄┄┄┄┄┄┄┄┄┄
15		00	
15		15	
15		30	
15		40	
┄┄┄┄┄┄┄┄┄┄┄┄┄┄┄
15		00	
15		15	
15		30	
30		30	
30		40	
40		40	
50		40	
60		40	
┄┄┄┄┄┄┄┄┄┄┄┄┄┄┄
15		00	
30		00	
40		00	
┄┄┄┄┄┄┄┄┄┄┄┄┄┄┄
00		15	
15		15	
30		15	
30		30	
30		40	
40		40	
50		40	
50		50	
50		60	
50		70	
┄┄┄┄┄┄┄┄┄┄┄┄┄┄┄
15		00	
30		00	
40		00	
┄┄┄┄┄┄┄┄┄┄┄┄┄┄┄
00		15	
00		30	
00		40	
┄┄┄┄┄┄┄┄┄┄┄┄┄┄┄
15		00	
15		15	
30		15	
30		30	
40		30	
40		40	
50		40	
50		50	
50		60	
60		60	
70		60	
80		60	
┄┄┄┄┄┄┄┄┄┄┄┄┄┄┄
00		15	
00		30	
00		40	
┄┄┄┄┄┄┄┄┄┄┄┄┄┄┄
15		00	
15		15	
15		30	
15		40	
┄┄┄┄┄┄┄┄┄┄┄┄┄┄┄
↑↑↑↑↑↑↑ 1 세트 정보 ↑↑↑↑↑↑↑
 이번 세트 승리팀은 팀2 입니다.
00		15	
00		30	
15		30	
15		40	
┄┄┄┄┄┄┄┄┄┄┄┄┄┄┄
15		00	
30		00	
40		00	
┄┄┄┄┄┄┄┄┄┄┄┄┄┄┄
00		15	
00		30	
00		40	
┄┄┄┄┄┄┄┄┄┄┄┄┄┄┄
15		00	
30		00	
40		00	
┄┄┄┄┄┄┄┄┄┄┄┄┄┄┄
00		15	
00		30	
15		30	
15		40	
┄┄┄┄┄┄┄┄┄┄┄┄┄┄┄
15		00	
15		15	
15		30	
15		40	
┄┄┄┄┄┄┄┄┄┄┄┄┄┄┄
00		15	
00		30	
15		30	
30		30	
40		30	
50		30	
┄┄┄┄┄┄┄┄┄┄┄┄┄┄┄
15		00	
15		15	
30		15	
40		15	
┄┄┄┄┄┄┄┄┄┄┄┄┄┄┄
00		15	
15		15	
30		15	
40		15	
┄┄┄┄┄┄┄┄┄┄┄┄┄┄┄
00		15	
15		15	
15		30	
30		30	
30		40	
40		40	
40		50	
50		50	
50		60	
50		70	
┄┄┄┄┄┄┄┄┄┄┄┄┄┄┄
00		15	
00		30	
15		30	
30		30	
40		30	
40		40	
50		40	
50		50	
60		50	
60		60	
60		70	
60		80	
┄┄┄┄┄┄┄┄┄┄┄┄┄┄┄
↑↑↑↑↑↑↑ 2 세트 정보 ↑↑↑↑↑↑↑
 이번 세트 승리팀은 팀2 입니다.
00		15	
15		15	
15		30	
30		30	
30		40	
30		50	
┄┄┄┄┄┄┄┄┄┄┄┄┄┄┄
15		00	
30		00	
40		00	
┄┄┄┄┄┄┄┄┄┄┄┄┄┄┄
00		15	
00		30	
15		30	
30		30	
40		30	
50		30	
┄┄┄┄┄┄┄┄┄┄┄┄┄┄┄
15		00	
15		15	
15		30	
15		40	
┄┄┄┄┄┄┄┄┄┄┄┄┄┄┄
15		00	
15		15	
15		30	
15		40	
┄┄┄┄┄┄┄┄┄┄┄┄┄┄┄
15		00	
30		00	
40		00	
┄┄┄┄┄┄┄┄┄┄┄┄┄┄┄
00		15	
15		15	
15		30	
15		40	
┄┄┄┄┄┄┄┄┄┄┄┄┄┄┄
15		00	
30		00	
30		15	
30		30	
30		40	
40		40	
50		40	
50		50	
50		60	
60		60	
70		60	
80		60	
┄┄┄┄┄┄┄┄┄┄┄┄┄┄┄
00		15	
00		30	
15		30	
15		40	
┄┄┄┄┄┄┄┄┄┄┄┄┄┄┄
15		00	
30		00	
40		00	
┄┄┄┄┄┄┄┄┄┄┄┄┄┄┄
00		15	
15		15	
15		30	
15		40	
┄┄┄┄┄┄┄┄┄┄┄┄┄┄┄
↑↑↑↑↑↑↑ 3 세트 정보 ↑↑↑↑↑↑↑
 이번 세트 승리팀은 팀2 입니다.
최종 경기 결과 승리팀은 팀2팀입니다.
