					-------- 김진영팀과 신슬기팀의 테니스 시합 정보--------
00		15	
00		30	
00		40	
┄┄┄┄┄┄┄┄┄┄┄
00		15	
15		15	
30		15	
40		15	
┄┄┄┄┄┄┄┄┄┄┄
15		00	
30		00	
40		00	
┄┄┄┄┄┄┄┄┄┄┄
15		00	
15		15	
30		15	
40		15	
┄┄┄┄┄┄┄┄┄┄┄
00		15	
00		30	
15		30	
15		40	
┄┄┄┄┄┄┄┄┄┄┄
00		15	
15		15	
30		15	
40		15	
┄┄┄┄┄┄┄┄┄┄┄
15		00	
15		15	
15		30	
15		40	
┄┄┄┄┄┄┄┄┄┄┄
00		15	
15		15	
30		15	
30		30	
40		30	
┄┄┄┄┄┄┄┄┄┄┄
10		00	
25		00	
40		00	
┄┄┄┄┄┄┄┄┄┄┄
↑↑↑↑↑↑↑ 1 세트 정보 ↑↑↑↑↑↑↑
 이번 세트 승리팀은 김진영 입니다.
10		00	
10		15	
10		30	
10		40	
┄┄┄┄┄┄┄┄┄┄┄
15		00	
15		15	
30		15	
30		30	
40		30	
┄┄┄┄┄┄┄┄┄┄┄
00		10	
00		20	
10		20	
20		20	
20		30	
20		40	
┄┄┄┄┄┄┄┄┄┄┄
00		10	
15		10	
30		10	
40		10	
┄